[257, 257, 256]
[0, 0, 0.065, 0.115, 0.161, 0.205, 0.248, 0.29, 0.332, 0.374, 0.416, 0.458, 0.501, 0.544, 0.587, 0.631, 0.675, 0.72, 0.766, 0.813, 0.861, 0.91, 0.959, 1.009, 1.059, 1.109, 1.16, 1.211, 1.262, 1.313, 1.365, 1.417, 1.469, 1.522, 1.575, 1.628, 1.681, 1.734, 1.788, 1.842, 1.896, 1.951, 2.006, 2.061, 2.117, 2.173, 2.229, 2.285, 2.342, 2.399, 2.456, 2.514, 2.572, 2.63, 2.689, 2.748, 2.807, 2.866, 2.926, 2.986, 3.046, 3.107, 3.168, 3.229, 3.291, 3.353, 3.416, 3.479, 3.542, 3.606, 3.67, 3.735, 3.8, 3.865, 3.931, 3.998, 4.065, 4.133, 4.201, 4.27, 4.339, 4.409, 4.48, 4.551, 4.623, 4.695, 4.768, 4.841, 4.914, 4.988, 5.062, 5.137, 5.213, 5.289, 5.366, 5.443, 5.52, 5.594, 5.664, 5.732, 5.799, 5.866, 5.933, 6.0, 6.067, 6.135, 6.203, 6.272, 6.341, 6.41, 6.474, 6.529, 6.578, 6.624, 6.669, 6.713, 6.756, 6.799, 6.842, 6.885, 6.928, 6.972, 7.016, 7.062, 7.11, 7.161, 7.215, 7.271, 7.328, 7.386, 7.445, 7.505, 7.566, 7.628, 7.69, 7.753, 7.817, 7.881, 7.946, 8.012, 8.079, 8.146, 8.214, 8.283, 8.352, 8.422, 8.493, 8.565, 8.638, 8.712, 8.787, 8.863, 8.94, 9.017, 9.095, 9.174, 9.254, 9.335, 9.416, 9.498, 9.581, 9.665, 9.75, 9.836, 9.923, 10.011, 10.1, 10.19, 10.281, 10.373, 10.466, 10.56, 10.655, 10.751, 10.848, 10.946, 11.046, 11.147, 11.245, 11.353, 11.457, 11.561, 11.665, 11.77, 11.876, 11.984, 12.095, 12.207, 12.321, 12.438, 12.557, 12.68, 12.799, 12.892, 12.967, 13.034, 13.097, 13.158, 13.217, 13.275, 13.333, 13.391, 13.449, 13.507, 13.565, 13.623, 13.681, 13.74, 13.799, 13.859, 13.919, 13.98, 14.042, 14.105, 14.168, 14.232, 14.297, 14.363, 14.43, 14.498, 14.567, 14.637, 14.709, 14.782, 14.857, 14.933, 15.011, 15.09, 15.171, 15.254, 15.339, 15.426, 15.516, 15.608, 15.703, 15.801, 15.902, 16.006, 16.113, 16.224, 16.339, 16.458, 16.583, 16.713, 16.849, 16.992, 17.141, 17.299, 17.465, 17.642, 17.833, 18.036, 18.26, 18.499, 18.788, 19.122, 19.571]
[0, 2.3, 920.3, 1203.5, 1317.8, 1369.9, 1400.9, 1415.9, 1425.4, 1426.8, 1423.8, 1416.0, 1411.1, 1401.7, 1392.3, 1372.0, 1352.3, 1327.2, 1300.0, 1270.9, 1250.5, 1230.7, 1219.3, 1206.5, 1201.3, 1192.8, 1186.5, 1176.1, 1172.6, 1166.7, 1162.3, 1155.8, 1149.4, 1142.2, 1137.4, 1133.2, 1127.5, 1121.8, 1113.7, 1107.8, 1102.7, 1095.9, 1091.6, 1085.1, 1080.1, 1074.0, 1068.9, 1065.0, 1058.7, 1052.7, 1046.1, 1041.5, 1035.2, 1031.5, 1025.3, 1020.1, 1013.7, 1008.6, 1003.4, 996.3, 992.2, 986.5, 982.2, 976.9, 970.4, 964.2, 958.2, 954.9, 949.4, 942.4, 935.1, 930.2, 925.6, 919.5, 910.9, 901.2, 894.5, 887.4, 882.5, 874.7, 866.5, 855.9, 846.6, 842.8, 836.1, 831.3, 823.5, 820.7, 818.6, 813.0, 807.5, 799.4, 792.9, 787.4, 782.8, 778.6, 777.9, 806.0, 854.5, 886.3, 898.2, 901.9, 900.8, 896.8, 891.6, 886.0, 880.9, 872.8, 867.5, 863.9, 936.3, 1100.0, 1219.3, 1290.9, 1336.4, 1363.6, 1380.7, 1387.1, 1391.4, 1390.2, 1389.3, 1378.9, 1357.6, 1313.2, 1251.7, 1172.6, 1119.5, 1079.4, 1055.3, 1034.9, 1019.7, 1005.5, 988.8, 974.1, 960.8, 952.8, 944.2, 934.6, 923.1, 912.1, 899.3, 888.9, 881.6, 873.3, 867.7, 855.5, 845.3, 833.6, 823.8, 813.7, 800.6, 791.1, 782.0, 775.5, 767.9, 759.0, 750.9, 742.6, 737.2, 731.0, 723.6, 715.4, 707.0, 700.9, 691.7, 685.4, 677.2, 669.6, 662.6, 653.6, 646.4, 636.9, 629.6, 624.7, 616.8, 609.5, 598.9, 593.6, 612.7, 557.3, 574.8, 577.4, 577.5, 571.9, 566.5, 555.4, 542.2, 534.5, 524.8, 515.0, 502.9, 489.2, 505.7, 642.9, 799.8, 897.5, 954.6, 988.7, 1011.1, 1026.0, 1034.4, 1039.8, 1041.0, 1041.5, 1040.1, 1035.5, 1031.3, 1022.9, 1014.3, 1004.3, 994.1, 983.5, 971.3, 959.7, 947.8, 936.4, 923.0, 912.5, 897.9, 883.1, 867.1, 852.1, 837.4, 817.6, 801.6, 785.2, 770.9, 755.5, 738.0, 721.4, 702.6, 686.7, 669.7, 649.5, 630.1, 610.6, 595.8, 579.2, 562.9, 541.9, 520.4, 503.0, 480.1, 461.9, 441.6, 419.4, 402.6, 380.1, 360.4, 338.7, 313.8, 295.1, 268.3, 251.0, 207.9, 179.7, 133.7]
[  0.           1.00392157   2.00784314   3.01176471   4.01568627
   5.01960784   6.02352941   7.02745098   8.03137255   9.03529412
  10.03921569  11.04313725  12.04705882  13.05098039  14.05490196
  15.05882353  16.0627451   17.06666667  18.07058824  19.0745098
  20.07843137  21.08235294  22.08627451  23.09019608  24.09411765
  25.09803922  26.10196078  27.10588235  28.10980392  29.11372549
  30.11764706  31.12156863  32.1254902   33.12941176  34.13333333
  35.1372549   36.14117647  37.14509804  38.14901961  39.15294118
  40.15686275  41.16078431  42.16470588  43.16862745  44.17254902
  45.17647059  46.18039216  47.18431373  48.18823529  49.19215686
  50.19607843  51.2         52.20392157  53.20784314  54.21176471
  55.21568627  56.21960784  57.22352941  58.22745098  59.23137255
  60.23529412  61.23921569  62.24313725  63.24705882  64.25098039
  65.25490196  66.25882353  67.2627451   68.26666667  69.27058824
  70.2745098   71.27843137  72.28235294  73.28627451  74.29019608
  75.29411765  76.29803922  77.30196078  78.30588235  79.30980392
  80.31372549  81.31764706  82.32156863  83.3254902   84.32941176
  85.33333333  86.3372549   87.34117647  88.34509804  89.34901961
  90.35294118  91.35686275  92.36078431  93.36470588  94.36862745
  95.37254902  96.37647059  97.38039216  98.38431373  99.38823529
 100.39215686 101.39607843 102.4        103.40392157 104.40784314
 105.41176471 106.41568627 107.41960784 108.42352941 109.42745098
 110.43137255 111.43529412 112.43921569 113.44313725 114.44705882
 115.45098039 116.45490196 117.45882353 118.4627451  119.46666667
 120.47058824 121.4745098  122.47843137 123.48235294 124.48627451
 125.49019608 126.49411765 127.49803922 128.50196078 129.50588235
 130.50980392 131.51372549 132.51764706 133.52156863 134.5254902
 135.52941176 136.53333333 137.5372549  138.54117647 139.54509804
 140.54901961 141.55294118 142.55686275 143.56078431 144.56470588
 145.56862745 146.57254902 147.57647059 148.58039216 149.58431373
 150.58823529 151.59215686 152.59607843 153.6        154.60392157
 155.60784314 156.61176471 157.61568627 158.61960784 159.62352941
 160.62745098 161.63137255 162.63529412 163.63921569 164.64313725
 165.64705882 166.65098039 167.65490196 168.65882353 169.6627451
 170.66666667 171.67058824 172.6745098  173.67843137 174.68235294
 175.68627451 176.69019608 177.69411765 178.69803922 179.70196078
 180.70588235 181.70980392 182.71372549 183.71764706 184.72156863
 185.7254902  186.72941176 187.73333333 188.7372549  189.74117647
 190.74509804 191.74901961 192.75294118 193.75686275 194.76078431
 195.76470588 196.76862745 197.77254902 198.77647059 199.78039216
 200.78431373 201.78823529 202.79215686 203.79607843 204.8
 205.80392157 206.80784314 207.81176471 208.81568627 209.81960784
 210.82352941 211.82745098 212.83137255 213.83529412 214.83921569
 215.84313725 216.84705882 217.85098039 218.85490196 219.85882353
 220.8627451  221.86666667 222.87058824 223.8745098  224.87843137
 225.88235294 226.88627451 227.89019608 228.89411765 229.89803922
 230.90196078 231.90588235 232.90980392 233.91372549 234.91764706
 235.92156863 236.9254902  237.92941176 238.93333333 239.9372549
 240.94117647 241.94509804 242.94901961 243.95294118 244.95686275
 245.96078431 246.96470588 247.96862745 248.97254902 249.97647059
 250.98039216 251.98431373 252.98823529 253.99215686 254.99607843
 256.        ]
